{
  "accessors": [
    {
      "bufferView": 2,
      "componentType": 5126,
      "count": 65532,
      "max": [
        3.5011086463928223,
        6.499883651733398,
        -16.242055892944336
      ],
      "min": [
        -1.4502898454666138,
        -20.650590896606445,
        -24.849445343017578
      ],
      "type": "VEC3"
    },
    {
      "bufferView": 2,
      "byteOffset": 786384,
      "componentType": 5126,
      "count": 65532,
      "max": [
        0.9999779462814331,
        0.9112929105758667,
        0.9999942183494568
      ],
      "min": [
        -0.9993399977684021,
        -0.999821662902832,
        -0.9997344017028809
      ],
      "type": "VEC3"
    },
    {
      "bufferView": 1,
      "componentType": 5126,
      "count": 65532,
      "max": [
        0.9384320974349976,
        0.8292880654335022
      ],
      "min": [
        0.003903465811163187,
        0.003712934674695134
      ],
      "type": "VEC2"
    },
    {
      "bufferView": 0,
      "componentType": 5125,
      "count": 343434,
      "type": "SCALAR"
    },
    {
      "bufferView": 2,
      "byteOffset": 1572768,
      "componentType": 5126,
      "count": 65532,
      "max": [
        4.682853698730469,
        9.286513328552246,
        -16.273847579956055
      ],
      "min": [
        -1.4184082746505737,
        -20.414173126220703,
        -25.830951690673828
      ],
      "type": "VEC3"
    },
    {
      "bufferView": 2,
      "byteOffset": 2359152,
      "componentType": 5126,
      "count": 65532,
      "max": [
        0.999999463558197,
        0.9999920129776001,
        0.9999989867210388
      ],
      "min": [
        -0.9999875426292419,
        -0.9988092184066772,
        -0.9999961256980896
      ],
      "type": "VEC3"
    },
    {
      "bufferView": 1,
      "byteOffset": 524256,
      "componentType": 5126,
      "count": 65532,
      "max": [
        0.9906044006347656,
        0.9788748025894165
      ],
      "min": [
        0.008001143112778664,
        0.006143573671579361
      ],
      "type": "VEC2"
    },
    {
      "bufferView": 0,
      "byteOffset": 1373736,
      "componentType": 5125,
      "count": 329901,
      "type": "SCALAR"
    },
    {
      "bufferView": 2,
      "byteOffset": 3145536,
      "componentType": 5126,
      "count": 65532,
      "max": [
        4.670681953430176,
        9.733620643615723,
        -16.401287078857422
      ],
      "min": [
        -2.109022617340088,
        -20.188339233398438,
        -25.856563568115234
      ],
      "type": "VEC3"
    },
    {
      "bufferView": 2,
      "byteOffset": 3931920,
      "componentType": 5126,
      "count": 65532,
      "max": [
        0.9999913573265076,
        0.9998955130577087,
        0.9999924898147583
      ],
      "min": [
        -0.9999960660934448,
        -0.9994338154792786,
        -0.9999687075614929
      ],
      "type": "VEC3"
    },
    {
      "bufferView": 1,
      "byteOffset": 1048512,
      "componentType": 5126,
      "count": 65532,
      "max": [
        0.9930974245071411,
        0.9971804618835449
      ],
      "min": [
        0.012119483202695847,
        0.003679120447486639
      ],
      "type": "VEC2"
    },
    {
      "bufferView": 0,
      "byteOffset": 2693340,
      "componentType": 5125,
      "count": 322290,
      "type": "SCALAR"
    },
    {
      "bufferView": 2,
      "byteOffset": 4718304,
      "componentType": 5126,
      "count": 65532,
      "max": [
        4.470891952514648,
        9.617155075073242,
        -16.384521484375
      ],
      "min": [
        -2.67559814453125,
        -20.970333099365234,
        -26.227947235107422
      ],
      "type": "VEC3"
    },
    {
      "bufferView": 2,
      "byteOffset": 5504688,
      "componentType": 5126,
      "count": 65532,
      "max": [
        0.9999913573265076,
        0.9997189044952393,
        0.9999913573265076
      ],
      "min": [
        -0.9999828934669495,
        -0.9988024234771729,
        -0.9998665452003479
      ],
      "type": "VEC3"
    },
    {
      "bufferView": 1,
      "byteOffset": 1572768,
      "componentType": 5126,
      "count": 65532,
      "max": [
        0.9928018450737,
        0.9987898468971252
      ],
      "min": [
        0.01767854392528534,
        0.003922170493751764
      ],
      "type": "VEC2"
    },
    {
      "bufferView": 0,
      "byteOffset": 3982500,
      "componentType": 5125,
      "count": 320040,
      "type": "SCALAR"
    },
    {
      "bufferView": 2,
      "byteOffset": 6291072,
      "componentType": 5126,
      "count": 65532,
      "max": [
        2.154755115509033,
        9.63121223449707,
        -17.052928924560547
      ],
      "min": [
        -2.799025058746338,
        -20.937463760375977,
        -26.03827667236328
      ],
      "type": "VEC3"
    },
    {
      "bufferView": 2,
      "byteOffset": 7077456,
      "componentType": 5126,
      "count": 65532,
      "max": [
        0.9999979138374329,
        0.9994035363197327,
        0.9999971985816956
      ],
      "min": [
        -0.9999998807907104,
        -0.9997590780258179,
        -0.9999945759773254
      ],
      "type": "VEC3"
    },
    {
      "bufferView": 1,
      "byteOffset": 2097024,
      "componentType": 5126,
      "count": 65532,
      "max": [
        0.9765884280204773,
        0.9975148439407349
      ],
      "min": [
        0.016396790742874146,
        0.004246387630701065
      ],
      "type": "VEC2"
    },
    {
      "bufferView": 0,
      "byteOffset": 5262660,
      "componentType": 5125,
      "count": 334104,
      "type": "SCALAR"
    },
    {
      "bufferView": 2,
      "byteOffset": 7863840,
      "componentType": 5126,
      "count": 65532,
      "max": [
        3.743687629699707,
        9.731027603149414,
        -17.622093200683594
      ],
      "min": [
        -2.7954273223876953,
        -20.388891220092773,
        -26.26689338684082
      ],
      "type": "VEC3"
    },
    {
      "bufferView": 2,
      "byteOffset": 8650224,
      "componentType": 5126,
      "count": 65532,
      "max": [
        0.9999995231628418,
        0.9990344047546387,
        0.9998487234115601
      ],
      "min": [
        -0.9999403357505798,
        -0.9975399971008301,
        -0.9999649524688721
      ],
      "type": "VEC3"
    },
    {
      "bufferView": 1,
      "byteOffset": 2621280,
      "componentType": 5126,
      "count": 65532,
      "max": [
        0.992044985294342,
        0.9872573614120483
      ],
      "min": [
        0.01086717750877142,
        0.0064066085033118725
      ],
      "type": "VEC2"
    },
    {
      "bufferView": 0,
      "byteOffset": 6599076,
      "componentType": 5125,
      "count": 328959,
      "type": "SCALAR"
    },
    {
      "bufferView": 2,
      "byteOffset": 9436608,
      "componentType": 5126,
      "count": 65532,
      "max": [
        2.599031925201416,
        9.58418083190918,
        -18.130159378051758
      ],
      "min": [
        -2.771481513977051,
        -20.38438606262207,
        -26.268146514892578
      ],
      "type": "VEC3"
    },
    {
      "bufferView": 2,
      "byteOffset": 10222992,
      "componentType": 5126,
      "count": 65532,
      "max": [
        0.9998244643211365,
        0.9994035363197327,
        0.9999825358390808
      ],
      "min": [
        -0.9999998807907104,
        -0.9998813271522522,
        -0.9999967217445374
      ],
      "type": "VEC3"
    },
    {
      "bufferView": 1,
      "byteOffset": 3145536,
      "componentType": 5126,
      "count": 65532,
      "max": [
        0.9901853799819946,
        0.9931278228759766
      ],
      "min": [
        0.013857271522283554,
        0.00910184159874916
      ],
      "type": "VEC2"
    },
    {
      "bufferView": 0,
      "byteOffset": 7914912,
      "componentType": 5125,
      "count": 301905,
      "type": "SCALAR"
    },
    {
      "bufferView": 2,
      "byteOffset": 11009376,
      "componentType": 5126,
      "count": 65532,
      "max": [
        1.9594143629074097,
        9.316652297973633,
        -18.792865753173828
      ],
      "min": [
        -2.796567440032959,
        -19.818172454833984,
        -26.254133224487305
      ],
      "type": "VEC3"
    },
    {
      "bufferView": 2,
      "byteOffset": 11795760,
      "componentType": 5126,
      "count": 65532,
      "max": [
        0.9990861415863037,
        0.9995108246803284,
        0.9999825358390808
      ],
      "min": [
        -0.9999988079071045,
        -0.9999730587005615,
        -0.9999986290931702
      ],
      "type": "VEC3"
    },
    {
      "bufferView": 1,
      "byteOffset": 3669792,
      "componentType": 5126,
      "count": 65532,
      "max": [
        0.9898389577865601,
        0.9975671768188477
      ],
      "min": [
        0.0013930023415014148,
        0.00357153476215899
      ],
      "type": "VEC2"
    },
    {
      "bufferView": 0,
      "byteOffset": 9122532,
      "componentType": 5125,
      "count": 301230,
      "type": "SCALAR"
    },
    {
      "bufferView": 2,
      "byteOffset": 12582144,
      "componentType": 5126,
      "count": 65532,
      "max": [
        0.5652764439582825,
        7.218077659606934,
        -21.09326171875
      ],
      "min": [
        -2.3711657524108887,
        2.5802621841430664,
        -25.974702835083008
      ],
      "type": "VEC3"
    },
    {
      "bufferView": 2,
      "byteOffset": 13368528,
      "componentType": 5126,
      "count": 65532,
      "max": [
        0.9998640418052673,
        0.9998965859413147,
        0.9998089075088501
      ],
      "min": [
        -0.9999894499778748,
        -0.9999256134033203,
        -0.9999671578407288
      ],
      "type": "VEC3"
    },
    {
      "bufferView": 1,
      "byteOffset": 4194048,
      "componentType": 5126,
      "count": 65532,
      "max": [
        0.9918150901794434,
        0.9996888041496277
      ],
      "min": [
        0.0039059589616954327,
        0.07275974005460739
      ],
      "type": "VEC2"
    },
    {
      "bufferView": 0,
      "byteOffset": 10327452,
      "componentType": 5125,
      "count": 324777,
      "type": "SCALAR"
    },
    {
      "bufferView": 2,
      "byteOffset": 14154912,
      "componentType": 5126,
      "count": 65532,
      "max": [
        3.994140625,
        9.659553527832031,
        -17.781099319458008
      ],
      "min": [
        -2.799025058746338,
        -21.008413314819336,
        -26.155725479125977
      ],
      "type": "VEC3"
    },
    {
      "bufferView": 2,
      "byteOffset": 14941296,
      "componentType": 5126,
      "count": 65532,
      "max": [
        0.9999995231628418,
        0.9999768733978271,
        0.9999758005142212
      ],
      "min": [
        -0.9999915957450867,
        -0.9998813271522522,
        -0.9999861717224121
      ],
      "type": "VEC3"
    },
    {
      "bufferView": 1,
      "byteOffset": 4718304,
      "componentType": 5126,
      "count": 65532,
      "max": [
        0.9983887672424316,
        0.999893844127655
      ],
      "min": [
        0.00024773675249889493,
        0.004305469803512096
      ],
      "type": "VEC2"
    },
    {
      "bufferView": 0,
      "byteOffset": 11626560,
      "componentType": 5125,
      "count": 252042,
      "type": "SCALAR"
    },
    {
      "bufferView": 2,
      "byteOffset": 15727680,
      "componentType": 5126,
      "count": 65532,
      "max": [
        3.4669103622436523,
        9.732521057128906,
        -16.507915496826172
      ],
      "min": [
        -2.285977363586426,
        -20.86128807067871,
        -26.101173400878906
      ],
      "type": "VEC3"
    },
    {
      "bufferView": 2,
      "byteOffset": 16514064,
      "componentType": 5126,
      "count": 65532,
      "max": [
        0.9999979138374329,
        0.9999029040336609,
        0.9998899698257446
      ],
      "min": [
        -0.9999690651893616,
        -0.9996935725212097,
        -0.9999645948410034
      ],
      "type": "VEC3"
    },
    {
      "bufferView": 1,
      "byteOffset": 5242560,
      "componentType": 5126,
      "count": 65532,
      "max": [
        0.9903259873390198,
        0.9994779825210571
      ],
      "min": [
        0.006091575138270855,
        0.0037764483131468296
      ],
      "type": "VEC2"
    },
    {
      "bufferView": 0,
      "byteOffset": 12634728,
      "componentType": 5125,
      "count": 282264,
      "type": "SCALAR"
    },
    {
      "bufferView": 2,
      "byteOffset": 17300448,
      "componentType": 5126,
      "count": 65532,
      "max": [
        4.13785457611084,
        9.710357666015625,
        -16.457998275756836
      ],
      "min": [
        -2.1653594970703125,
        -21.010305404663086,
        -25.924100875854492
      ],
      "type": "VEC3"
    },
    {
      "bufferView": 2,
      "byteOffset": 18086832,
      "componentType": 5126,
      "count": 65532,
      "max": [
        0.9999616146087646,
        0.9998626112937927,
        0.9999878406524658
      ],
      "min": [
        -0.999873697757721,
        -0.9994338154792786,
        -0.9999651908874512
      ],
      "type": "VEC3"
    },
    {
      "bufferView": 1,
      "byteOffset": 5766816,
      "componentType": 5126,
      "count": 65532,
      "max": [
        0.9918274283409119,
        0.9998565316200256
      ],
      "min": [
        9.996655717259273e-05,
        0.0038405167870223522
      ],
      "type": "VEC2"
    },
    {
      "bufferView": 0,
      "byteOffset": 13763784,
      "componentType": 5125,
      "count": 254547,
      "type": "SCALAR"
    },
    {
      "bufferView": 2,
      "byteOffset": 18873216,
      "componentType": 5126,
      "count": 9723,
      "max": [
        4.375926971435547,
        9.609101295471191,
        -16.385944366455078
      ],
      "min": [
        -1.5896471738815308,
        -21.010305404663086,
        -25.68490219116211
      ],
      "type": "VEC3"
    },
    {
      "bufferView": 2,
      "byteOffset": 18989892,
      "componentType": 5126,
      "count": 9723,
      "max": [
        0.9998266100883484,
        0.9993548393249512,
        0.999977171421051
      ],
      "min": [
        -0.9996868968009949,
        -0.9953324794769287,
        -0.9941257238388062
      ],
      "type": "VEC3"
    },
    {
      "bufferView": 1,
      "byteOffset": 6291072,
      "componentType": 5126,
      "count": 9723,
      "max": [
        0.9989328980445862,
        0.9996259212493896
      ],
      "min": [
        0.007856628857553005,
        0.0010842104675248265
      ],
      "type": "VEC2"
    },
    {
      "bufferView": 0,
      "byteOffset": 14781972,
      "componentType": 5125,
      "count": 24507,
      "type": "SCALAR"
    }
  ],
  "asset": {
    "extras": {
      "author": "Steelman14a (https://sketchfab.com/s.2)",
      "license": "CC-BY-4.0 (http://creativecommons.org/licenses/by/4.0/)",
      "source": "https://sketchfab.com/3d-models/witch-naked-4bf2c499190d4f51b849d48ab17a2524",
      "title": "Witch Naked"
    },
    "generator": "Sketchfab-12.66.0",
    "version": "2.0"
  },
  "bufferViews": [
    {
      "buffer": 0,
      "byteLength": 14880000,
      "name": "floatBufferViews",
      "target": 34963
    },
    {
      "buffer": 0,
      "byteLength": 6368856,
      "byteOffset": 14880000,
      "byteStride": 8,
      "name": "floatBufferViews",
      "target": 34962
    },
    {
      "buffer": 0,
      "byteLength": 19106568,
      "byteOffset": 21248856,
      "byteStride": 12,
      "name": "floatBufferViews",
      "target": 34962
    }
  ],
  "buffers": [
    {
      "byteLength": 40355424,
      "uri": "scene.bin"
    }
  ],
  "extensionsUsed": [
    "KHR_materials_unlit"
  ],
  "images": [
    {
      "uri": "textures/material0_baseColor.jpeg"
    }
  ],
  "materials": [
    {
      "doubleSided": true,
      "extensions": {
        "KHR_materials_unlit": {}
      },
      "name": "material0",
      "pbrMetallicRoughness": {
        "baseColorTexture": {
          "index": 0
        },
        "metallicFactor": 0.0
      }
    }
  ],
  "meshes": [
    {
      "name": "Model_material0_0",
      "primitives": [
        {
          "attributes": {
            "NORMAL": 1,
            "POSITION": 0,
            "TEXCOORD_0": 2
          },
          "indices": 3,
          "material": 0,
          "mode": 4
        }
      ]
    },
    {
      "name": "Model_material0_0",
      "primitives": [
        {
          "attributes": {
            "NORMAL": 5,
            "POSITION": 4,
            "TEXCOORD_0": 6
          },
          "indices": 7,
          "material": 0,
          "mode": 4
        }
      ]
    },
    {
      "name": "Model_material0_0",
      "primitives": [
        {
          "attributes": {
            "NORMAL": 9,
            "POSITION": 8,
            "TEXCOORD_0": 10
          },
          "indices": 11,
          "material": 0,
          "mode": 4
        }
      ]
    },
    {
      "name": "Model_material0_0",
      "primitives": [
        {
          "attributes": {
            "NORMAL": 13,
            "POSITION": 12,
            "TEXCOORD_0": 14
          },
          "indices": 15,
          "material": 0,
          "mode": 4
        }
      ]
    },
    {
      "name": "Model_material0_0",
      "primitives": [
        {
          "attributes": {
            "NORMAL": 17,
            "POSITION": 16,
            "TEXCOORD_0": 18
          },
          "indices": 19,
          "material": 0,
          "mode": 4
        }
      ]
    },
    {
      "name": "Model_material0_0",
      "primitives": [
        {
          "attributes": {
            "NORMAL": 21,
            "POSITION": 20,
            "TEXCOORD_0": 22
          },
          "indices": 23,
          "material": 0,
          "mode": 4
        }
      ]
    },
    {
      "name": "Model_material0_0",
      "primitives": [
        {
          "attributes": {
            "NORMAL": 25,
            "POSITION": 24,
            "TEXCOORD_0": 26
          },
          "indices": 27,
          "material": 0,
          "mode": 4
        }
      ]
    },
    {
      "name": "Model_material0_0",
      "primitives": [
        {
          "attributes": {
            "NORMAL": 29,
            "POSITION": 28,
            "TEXCOORD_0": 30
          },
          "indices": 31,
          "material": 0,
          "mode": 4
        }
      ]
    },
    {
      "name": "Model_material0_0",
      "primitives": [
        {
          "attributes": {
            "NORMAL": 33,
            "POSITION": 32,
            "TEXCOORD_0": 34
          },
          "indices": 35,
          "material": 0,
          "mode": 4
        }
      ]
    },
    {
      "name": "Model_material0_0",
      "primitives": [
        {
          "attributes": {
            "NORMAL": 37,
            "POSITION": 36,
            "TEXCOORD_0": 38
          },
          "indices": 39,
          "material": 0,
          "mode": 4
        }
      ]
    },
    {
      "name": "Model_material0_0",
      "primitives": [
        {
          "attributes": {
            "NORMAL": 41,
            "POSITION": 40,
            "TEXCOORD_0": 42
          },
          "indices": 43,
          "material": 0,
          "mode": 4
        }
      ]
    },
    {
      "name": "Model_material0_0",
      "primitives": [
        {
          "attributes": {
            "NORMAL": 45,
            "POSITION": 44,
            "TEXCOORD_0": 46
          },
          "indices": 47,
          "material": 0,
          "mode": 4
        }
      ]
    },
    {
      "name": "Model_material0_0",
      "primitives": [
        {
          "attributes": {
            "NORMAL": 49,
            "POSITION": 48,
            "TEXCOORD_0": 50
          },
          "indices": 51,
          "material": 0,
          "mode": 4
        }
      ]
    }
  ],
  "nodes": [
    {
      "children": [
        1
      ],
      "matrix": [
        -0.000776905486112367,
        0.004538889490371054,
        0.06256474019016167,
        0.0,
        0.008082398904874388,
        -0.06204075724354219,
        0.004601239856394809,
        0.0,
        0.06220629698157154,
        0.008117576706831553,
        0.0001835479155042012,
        0.0,
        -20.84910774230957,
        24.012598037719727,
        -7.053443431854243,
        1.0
      ],
      "name": "Sketchfab_model"
    },
    {
      "children": [
        2
      ],
      "matrix": [
        1.0,
        0.0,
        0.0,
        0.0,
        0.0,
        -1.0,
        0.0,
        0.0,
        0.0,
        0.0,
        -1.0,
        0.0,
        0.0,
        0.0,
        0.0,
        1.0
      ],
      "name": "Yennefer_Naked_med.fbx"
    },
    {
      "children": [
        3,
        17,
        19,
        21,
        23,
        25,
        27,
        29,
        31,
        33,
        35,
        37,
        39,
        41,
        43,
        45,
        47,
        49,
        51,
        53,
        55,
        57,
        59,
        61,
        63,
        65,
        67,
        69,
        71,
        73,
        75,
        77,
        79,
        81,
        83,
        85,
        87,
        89,
        91,
        93,
        95,
        97,
        99,
        101,
        103,
        105,
        107,
        109,
        111,
        113,
        115,
        117,
        119,
        121,
        123,
        125,
        127,
        129,
        131,
        133,
        135,
        137,
        139,
        141,
        143,
        145,
        147,
        149,
        151,
        153,
        155,
        157,
        159,
        161,
        163,
        165,
        167,
        169,
        171,
        173,
        175,
        177,
        179,
        181,
        183,
        185,
        187,
        189,
        191,
        193,
        195,
        197,
        199,
        201,
        203,
        205,
        207,
        209,
        211,
        213,
        215,
        217,
        219,
        221,
        223,
        225,
        227,
        229,
        231,
        233,
        235,
        237,
        239,
        241,
        243,
        245,
        247,
        249,
        251,
        253,
        255,
        257,
        259,
        261,
        263,
        265,
        267,
        269,
        271,
        273,
        275,
        277,
        279,
        281,
        283,
        285,
        287,
        289,
        291,
        293,
        295,
        297,
        299,
        301,
        303,
        305,
        307,
        309,
        311,
        313,
        315,
        317,
        319,
        321,
        323,
        325,
        327,
        329,
        331,
        333,
        335,
        337,
        339,
        341,
        343,
        345,
        347,
        349,
        351,
        353,
        355,
        357,
        359,
        361,
        363,
        365,
        367,
        369,
        371,
        373,
        375,
        377,
        379,
        381,
        383,
        385,
        387,
        389,
        391,
        393,
        395,
        397,
        399,
        401,
        403,
        405,
        407,
        409,
        411,
        413,
        415,
        417,
        419,
        421,
        423,
        425,
        427,
        429,
        431,
        433,
        435,
        437,
        439,
        441,
        443,
        445,
        447,
        449,
        451,
        453,
        455,
        457,
        459,
        461,
        463,
        465,
        467,
        469,
        471,
        473,
        475,
        477,
        479,
        481,
        483,
        485,
        487,
        489,
        491,
        493,
        495,
        497,
        499,
        501,
        503,
        505,
        507,
        509,
        511,
        513,
        515,
        517,
        519,
        521,
        523,
        525,
        527,
        529,
        531,
        533,
        535,
        537,
        539,
        541,
        543,
        545,
        547,
        549,
        551,
        553,
        555,
        557,
        559,
        561,
        563,
        565,
        567,
        569,
        571,
        573,
        575,
        577,
        579,
        581,
        583,
        585,
        587,
        589,
        591,
        593,
        595,
        597,
        599,
        601,
        603,
        605,
        607,
        609,
        611,
        613,
        615,
        617,
        619,
        621,
        623,
        625,
        627,
        629,
        631,
        633,
        635,
        637,
        639,
        641,
        643,
        645,
        647,
        649,
        651,
        653,
        655,
        657,
        659,
        661,
        663,
        665,
        667,
        669,
        671,
        673,
        675,
        677,
        679,
        681,
        683,
        685,
        687,
        689,
        691,
        693,
        695,
        697,
        699,
        701,
        703,
        705,
        707,
        709,
        711,
        713,
        715,
        717,
        719,
        721,
        723,
        725,
        727,
        729,
        731,
        733,
        735,
        737,
        739,
        741,
        743,
        745,
        747,
        749,
        751,
        753,
        755,
        757,
        759,
        761,
        763,
        765,
        767,
        769,
        771,
        773,
        775,
        777,
        779,
        781,
        783,
        785,
        787,
        789,
        791,
        793,
        795,
        797,
        799,
        801,
        803,
        805,
        807,
        809,
        811,
        813,
        815,
        817,
        819,
        821,
        823,
        825,
        827,
        829,
        831,
        833,
        835,
        837,
        839,
        841,
        843,
        845,
        847,
        849,
        851,
        853,
        855,
        857,
        859,
        861,
        863,
        865,
        867,
        869,
        871,
        873,
        875,
        877,
        879,
        881,
        883,
        885,
        887,
        889,
        891,
        893,
        895,
        897,
        899,
        901,
        903,
        905,
        907,
        909,
        911,
        913,
        915,
        917,
        919,
        921,
        923,
        925,
        927,
        929,
        931,
        933,
        935
      ],
      "name": "RootNode"
    },
    {
      "children": [
        4,
        5,
        6,
        7,
        8,
        9,
        10,
        11,
        12,
        13,
        14,
        15,
        16
      ],
      "name": "Model"
    },
    {
      "mesh": 0,
      "name": "Model_material0_0"
    },
    {
      "mesh": 1,
      "name": "Model_material0_0"
    },
    {
      "mesh": 2,
      "name": "Model_material0_0"
    },
    {
      "mesh": 3,
      "name": "Model_material0_0"
    },
    {
      "mesh": 4,
      "name": "Model_material0_0"
    },
    {
      "mesh": 5,
      "name": "Model_material0_0"
    },
    {
      "mesh": 6,
      "name": "Model_material0_0"
    },
    {
      "mesh": 7,
      "name": "Model_material0_0"
    },
    {
      "mesh": 8,
      "name": "Model_material0_0"
    },
    {
      "mesh": 9,
      "name": "Model_material0_0"
    },
    {
      "mesh": 10,
      "name": "Model_material0_0"
    },
    {
      "mesh": 11,
      "name": "Model_material0_0"
    },
    {
      "mesh": 12,
      "name": "Model_material0_0"
    },
    {
      "children": [
        18
      ],
      "matrix": [
        -0.8648844693943942,
        -0.17952485214032254,
        -0.4687703937583653,
        0.0,
        -0.05522022576353195,
        0.962218819196116,
        -0.2666189615377286,
        0.0,
        0.4989244244041397,
        -0.20470899210544607,
        -0.8421215157470867,
        0.0,
        18.001220703125,
        9.72164535522461,
        -13.233780860900879,
        1.0
      ],
      "name": "YenyG_001.jpg"
    },
    {
      "name": "Object_18"
    },
    {
      "children": [
        20
      ],
      "matrix": [
        -0.676716788025443,
        -0.19739575150744904,
        -0.7092878866097585,
        0.0,
        -0.471872014755814,
        0.8557906961419048,
        0.21203557740917633,
        0.0,
        0.5651470520977855,
        0.47818113898789794,
        -0.6722734620832655,
        0.0,
        14.536378860473633,
        9.50666332244873,
        -8.235224723815918,
        1.0
      ],
      "name": "YenyG_002.jpg"
    },
    {
      "name": "Object_20"
    },
    {
      "children": [
        22
      ],
      "matrix": [
        -0.5451096045729209,
        -0.054658856187798976,
        -0.8365810949588781,
        0.0,
        -0.7094397344633838,
        0.5617766840147251,
        0.4255610654911269,
        0.0,
        0.44671107235760044,
        0.8254812939962124,
        -0.34500703050149806,
        0.0,
        11.75776195526123,
        6.687541961669922,
        -5.188376426696777,
        1.0
      ],
      "name": "YenyG_003.jpg"
    },
    {
      "name": "Object_22"
    },
    {
      "children": [
        24
      ],
      "matrix": [
        -0.4580927581471661,
        0.17224386901789085,
        -0.8720568069333957,
        0.0,
        -0.8650125724214273,
        0.1395454947940784,
        0.4819546705194805,
        0.0,
        0.20470533575358296,
        0.97512004618325,
        0.08506833162575456,
        0.0,
        9.666634559631348,
        1.5460065603256226,
        -3.9098801612854004,
        1.0
      ],
      "name": "YenyG_004.jpg"
    },
    {
      "name": "Object_24"
    },
    {
      "children": [
        26
      ],
      "matrix": [
        -0.4432249201365346,
        0.40030428401635176,
        -0.8020649290226564,
        0.0,
        -0.892669799398011,
        -0.2787573026507808,
        0.3541680328058644,
        0.0,
        -0.08180647537131425,
        0.8729552373501274,
        0.4808917281159091,
        0.0,
        9.220341682434082,
        -3.4874045848846436,
        -5.62129545211792,
        1.0
      ],
      "name": "YenyG_005.jpg"
    },
    {
      "name": "Object_26"
    },
    {
      "children": [
        28
      ],
      "matrix": [
        -0.4923618010989035,
        0.5255914770838569,
        -0.6937819946030984,
        0.0,
        -0.7929365706808048,
        -0.599563070327918,
        0.10851598765124518,
        0.0,
        -0.3589309845856291,
        0.6035542427286629,
        0.7119626565969743,
        0.0,
        10.3635835647583,
        -7.404550075531006,
        -7.637966156005859,
        1.0
      ],
      "name": "YenyG_006.jpg"
    },
    {
      "name": "Object_28"
    },
    {
      "children": [
        30
      ],
      "matrix": [
        -0.5910635349183608,
        0.5775295438439245,
        -0.5631194577327624,
        0.0,
        -0.6188288847671584,
        -0.7724578457282703,
        -0.14268737838601975,
        0.0,
        -0.5173922197594848,
        0.2641372797623778,
        0.8139636284085945,
        0.0,
        13.724912643432617,
        -9.43231201171875,
        -10.960031509399414,
        1.0
      ],
      "name": "YenyG_007.jpg"
    },
    {
      "name": "Object_30"
    },
    {
      "children": [
        32
      ],
      "matrix": [
        0.4978036049113084,
        -0.7484440401608948,
        0.43820439258973987,
        0.0,
        0.6535247983263631,
        0.6558717962084191,
        0.3778062002016755,
        0.0,
        -0.5701727009510298,
        0.09830414887469863,
        0.8156220849169231,
        0.0,
        -9.844671249389648,
        20.965166091918945,
        -31.721965789794922,
        1.0
      ],
      "name": "YenyG_008.jpg"
    },
    {
      "name": "Object_32"
    },
    {
      "children": [
        34
      ],
      "matrix": [
        0.6193566820993126,
        -0.7622286780180183,
        0.188161480505005,
        0.0,
        0.7699394217394642,
        0.6365731137735918,
        0.0443616689507204,
        0.0,
        -0.1535922758163006,
        0.1173972453999587,
        0.9811357192468692,
        0.0,
        -12.628485679626465,
        21.58599853515625,
        -26.531267166137695,
        1.0
      ],
      "name": "YenyG_009.jpg"
    },
    {
      "name": "Object_34"
    },
    {
      "children": [
        36
      ],
      "matrix": [
        0.5865515429746067,
        -0.808036012839343,
        -0.05509164536302473,
        0.0,
        0.7709646636445967,
        0.5778920823459002,
        -0.2676830748726806,
        0.0,
        0.2481345901833964,
        0.1145362087578262,
        0.9619307054242013,
        0.0,
        -12.402091026306152,
        22.125450134277344,
        -22.031375885009766,
        1.0
      ],
      "name": "YenyG_010.jpg"
    },
    {
      "name": "Object_36"
    },
    {
      "children": [
        38
      ],
      "matrix": [
        0.5321622017434253,
        -0.8205086488761537,
        -0.20873176125117798,
        0.0,
        0.6862398035172679,
        0.5624195765704754,
        -0.4612582269823151,
        0.0,
        0.4958611933839666,
        0.10222415081435587,
        0.8623641341603396,
        0.0,
        -11.305563926696777,
        22.50675392150879,
        -18.840282440185547,
        1.0
      ],
      "name": "YenyG_011.jpg"
    },
    {
      "name": "Object_38"
    },
    {
      "children": [
        40
      ],
      "matrix": [
        0.4698955250574164,
        -0.8382458018640682,
        -0.27666255834189085,
        0.0,
        0.6264264845685128,
        0.5374815021468853,
        -0.5645383018724792,
        0.0,
        0.6219228689814755,
        0.09196526793954904,
        0.777659523525982,
        0.0,
        -9.846668243408203,
        22.796424865722656,
        -16.411413192749023,
        1.0
      ],
      "name": "YenyG_012.jpg"
    },
    {
      "name": "Object_40"
    },
    {
      "children": [
        42
      ],
      "matrix": [
        0.36089309931436453,
        -0.8300992108762221,
        -0.4250781939478262,
        0.0,
        0.44253067382072275,
        0.5536386535560428,
        -0.705443721367218,
        0.0,
        0.820927995377822,
        0.06647963140184693,
        0.5671487327091768,
        0.0,
        -7.30541467666626,
        23.118724822998047,
        -13.667244911193848,
        1.0
      ],
      "name": "YenyG_013.jpg"
    },
    {
      "name": "Object_42"
    },
    {
      "children": [
        44
      ],
      "matrix": [
        0.1738368679496749,
        -0.8549132456252417,
        -0.48877815601350505,
        0.0,
        0.22702046288865724,
        0.5177564744914328,
        -0.8248575286387474,
        0.0,
        0.9582496818529432,
        0.03242800605521878,
        0.2840879646377432,
        0.0,
        -3.39923357963562,
        23.332469940185547,
        -11.839582443237305,
        1.0
      ],
      "name": "YenyG_014.jpg"
    },
    {
      "name": "Object_44"
    },
    {
      "children": [
        46
      ],
      "matrix": [
        -0.983186087526084,
        -0.16126360738751966,
        -0.08566893385303109,
        0.0,
        0.009042076031206644,
        0.42557563911531826,
        -0.9048776802710045,
        0.0,
        0.18238245024178446,
        -0.8904377711687393,
        -0.4169618897691376,
        0.0,
        23.71143341064453,
        8.944443702697754,
        -20.186298370361328,
        1.0
      ],
      "name": "YenyG_015.jpg"
    },
    {
      "name": "Object_46"
    },
    {
      "children": [
        48
      ],
      "matrix": [
        -0.9537886906468804,
        -0.2419633745934124,
        -0.17815964455924638,
        0.0,
        -0.02955672023583203,
        0.6655945572210926,
        -0.7457280239380565,
        0.0,
        0.299020958936008,
        -0.7060011407590115,
        -0.6419882050037715,
        0.0,
        22.91401481628418,
        10.958343505859375,
        -18.301612854003906,
        1.0
      ],
      "name": "YenyG_016.jpg"
    },
    {
      "name": "Object_48"
    },
    {
      "children": [
        50
      ],
      "matrix": [
        -0.9176231331729201,
        -0.30893367190414767,
        -0.2500555374906418,
        0.0,
        -0.09622937360589642,
        0.7831189193719498,
        -0.6143815311165582,
        0.0,
        0.3856263646605741,
        -0.5397080178073418,
        -0.7483365301741856,
        0.0,
        21.8806095123291,
        12.476118087768555,
        -16.7430362701416,
        1.0
      ],
      "name": "YenyG_017.jpg"
    },
    {
      "name": "Object_50"
    },
    {
      "children": [
        52
      ],
      "matrix": [
        -0.8828732699292956,
        -0.3641837024328663,
        -0.29648780772005173,
        0.0,
        -0.17860969145289013,
        0.8443041718459294,
        -0.5052217765720938,
        0.0,
        0.4343194301012289,
        -0.39309120606527026,
        -0.8104603237362671,
        0.0,
        20.880733489990234,
        13.463043212890625,
        -15.25468921661377,
        1.0
      ],
      "name": "YenyG_018.jpg"
    },
    {
      "name": "Object_52"
    },
    {
      "children": [
        54
      ],
      "matrix": [
        -0.804159948688522,
        -0.40433405226100017,
        -0.4357071850537609,
        0.0,
        -0.2500749946327132,
        0.8951098438343487,
        -0.3691082016567723,
        0.0,
        0.5392488052696287,
        -0.18786256054106887,
        -0.8209253220374135,
        0.0,
        19.25419044494629,
        14.061125755310059,
        -12.908912658691406,
        1.0
      ],
      "name": "YenyG_019.jpg"
    },
    {
      "name": "Object_54"
    },
    {
      "children": [
        56
      ],
      "matrix": [
        -0.7306255987135537,
        -0.4162854218512456,
        -0.5411956042491401,
        0.0,
        -0.3913575605707542,
        0.9048373794877654,
        -0.16765612564359825,
        0.0,
        0.5594868133285804,
        0.08930713429421008,
        -0.8240137993235224,
        0.0,
        17.350969314575195,
        14.048791885375977,
        -10.211737632751465,
        1.0
      ],
      "name": "YenyG_020.jpg"
    },
    {
      "name": "Object_56"
    },
    {
      "children": [
        58
      ],
      "matrix": [
        -0.6450412210138698,
        -0.390204574237682,
        -0.6570100558111156,
        0.0,
        -0.5103311694563063,
        0.8599234552446213,
        -0.009682386147558092,
        0.0,
        0.5687564686878688,
        0.32904717194369104,
        -0.7538196322473727,
        0.0,
        15.443419456481934,
        13.411211967468262,
        -7.764157772064209,
        1.0
      ],
      "name": "YenyG_021.jpg"
    },
    {
      "name": "Object_58"
    },
    {
      "children": [
        60
      ],
      "matrix": [
        -0.5581037603391292,
        -0.33638473695020027,
        -0.7585285106324404,
        0.0,
        -0.648560948865252,
        0.7470490134134036,
        0.14589882509830018,
        0.0,
        0.5175798376118681,
        0.5733786535135442,
        -0.6350968677238673,
        0.0,
        13.284628868103027,
        11.996501922607422,
        -5.280343532562256,
        1.0
      ],
      "name": "YenyG_022.jpg"
    },
    {
      "name": "Object_60"
    },
    {
      "children": [
        62
      ],
      "matrix": [
        -0.4294901909808977,
        -0.21338652814857356,
        -0.8774989261850353,
        0.0,
        -0.7782110716754553,
